active 0
playing 0
playlist 0
position 273
shuffle 105,171,114,208,17,396,262,19,270,111,189,330,260,336,265,81
shuffle 53,293,276,210,215,258,145,296,36,216,67,183,194,166,354,146
shuffle 78,11,224,395,323,388,42,206,335,85,278,70,392,118,316,257
shuffle 346,186,345,267,163,173,315,21,155,44,349,351,37,325,387,204
shuffle 326,87,150,191,378,107,184,248,140,90,115,314,106,195,154,122
shuffle 170,393,101,356,324,6,366,344,230,229,218,307,283,174,290,305
shuffle 157,343,264,132,110,79,252,123,362,228,190,275,51,309,317,10
shuffle 134,119,69,127,241,84,61,207,334,200,31,128,360,363,109,352
shuffle 187,178,76,176,337,263,129,233,168,16,246,201,46,160,0,138
shuffle 298,172,240,331,365,389,364,54,74,332,212,286,48,295,40,2
shuffle 82,20,144,238,199,209,34,92,52,73,376,347,13,303,219,237
shuffle 15,383,88,249,254,282,12,202,382,104,65,167,188,272,29,310
shuffle 247,26,271,43,139,124,151,125,130,147,156,158,137,198,261,288
shuffle 328,250,391,319,350,217,239,226,97,203,49,273
resume-state 1
resume-time 2009
